100   
6 101 
7 337 
21 745
31 52 
35 894
37 859
40 942
41 467
53 999
84 954
97 512
107 191
118 82
127 467
141 711
161 636
169 724
190 842
209 758
221 588
253 868
264 648
270 829
281 734
281 827
288 106
291 836
292 382
310 617
316 35
322 333
334 500
348 199
350 150
355 767
370 350
374 20
391 604
393 548
410 359
413 168
418 938
421 716
422 946
446 805
447 726
457 287
478 358
506 30
529 778
537 538
547 644
548 483
595 41
596 21
602 350
624 537
626 323
629 623
639 658
648 483
655 574
662 757
667 299
668 484
673 386
673 664
703 811
704 930
705 145
718 895
723 741
728 893
753 383
756 840
762 655
771 538
777 573
807 421
813 514
827 436
833 115
869 912
890 729
900 591
900 788
902 153
924 72
929 541
931 308
941 724
944 439
945 909
961 491
962 464
966 376
966 430
977 306
986 290
995 942